study_year <- "2025 / 2026"

groupagreement_due <- "October 11th 2024"

stage1_due <- "November 15th 2024"

stage1_words <- 1500

stage2_due <- "December 13th 2024"

stage2_words <- 1500

MCQ_due <- "October 25th 2024"

dataskills1_due <- "November 8th 2024"

dataskills2_due <- "November 29th 2024"
