study_year <- "2025 / 2026"

groupagreement_due <- "October 10th 2025"

stage1_due <- "November 14th 2025"

stage1_words <- 1500

stage2_due <- "December 12th 2025"

stage2_words <- 1500

MCQ_due <- "October 24th 2025"

dataskills1_due <- "November 7th 2025"

dataskills2_due <- "November 28th 2025"
